<?xml version="1.0"?>
<opencv_storage>
<CameraMatrix type_id="opencv-matrix">
  <rows>3</rows>
  <cols>3</cols>
  <dt>d</dt>
  <data>
    1.1189114665744632e+03 0. 9.5637028707073193e+02 0.
    1.1211732768445265e+03 5.0866928281921031e+02 0. 0. 1.</data></CameraMatrix>
<DistortionCoefficients type_id="opencv-matrix">
  <rows>1</rows>
  <cols>5</cols>
  <dt>d</dt>
  <data>
    -8.7718208610374646e-02 6.7097461512325415e-02
    -2.5960176308499448e-04 -4.2224911648156704e-04
    -8.1057388696456883e-03</data></DistortionCoefficients>
</opencv_storage>
